# motif=NGG flanking_len=20 side=downstream
qid	sequence	positions
uniq_0	AGGCGAGCGCAAGGTTATACGCT	[["chr1", "plus", 3, 3]]
uniq_1	AGGTTATACGCTCCGATCTTAAT	[["chr1", "plus", 14, 14]]
uniq_2	TGGAGTAAATAAGTGGGCGCAGC	[["chr1", "plus", 38, 38]]
uniq_3	TGGGCGCAGCGTTGGTTGTCCAT	[["chr1", "plus", 51, 51]]
uniq_4	GGGCGCAGCGTTGGTTGTCCATG	[["chr1", "plus", 52, 52]]
uniq_5	TGGTTGTCCATGAGAAATTATCC	[["chr1", "plus", 63, 63]]
uniq_6	CGGGCCAGTAAGTGTACTTCATT	[["chr1", "plus", 98, 98]]
uniq_7	GGGCCAGTAAGTGTACTTCATTA	[["chr1", "plus", 99, 99]]
uniq_8	TGGTGTCGCGTATTGCACTGGCG	[["chr1", "plus", 152, 152]]
uniq_9	TGGCGTTGGCCTGACACTATGGT	[["chr1", "plus", 170, 170]]
uniq_10	TGGCCTGACACTATGGTCTTTTC	[["chr1", "plus", 176, 176]]
uniq_11	TGGTCTTTTCTTCGTCCTGGACG	[["chr1", "plus", 189, 189]]
uniq_12	TGGACGACTCGCTAGGTCCACAG	[["chr1", "plus", 206, 206]]
uniq_13	AGGTCCACAGACATCAAAATCCC	[["chr1", "plus", 219, 219], ["chr1", "minus", 239, 219]]
uniq_14	AGGTGATTGGGGCAGGGTTGTTC	[["chr1", "plus", 262, 262]]
uniq_15	TGGGGCAGGGTTGTTCACTAAGT	[["chr1", "plus", 269, 269]]
uniq_16	GGGGCAGGGTTGTTCACTAAGTA	[["chr1", "plus", 270, 270]]
uniq_17	GGGCAGGGTTGTTCACTAAGTAA	[["chr1", "plus", 271, 271]]
uniq_18	AGGGTTGTTCACTAAGTAAGACA	[["chr1", "plus", 275, 275]]
uniq_19	GGGTTGTTCACTAAGTAAGACAC	[["chr1", "plus", 276, 276]]
